SQUARE
[(3,3), (4,3), (5,3), (6,3), (7,3),
 (3,4), (4,4), (5,4), (6,4), (7,4),
 (3,5), (4,5), (5,5), (6,5), (7,5),
 (3,6), (4,6), (5,6), (6,6), (7,6),
 ]
 
TRIANGLE
[
    (1, 7), (2, 7), (3, 7), (4, 7), (5, 7), (6, 7), (7, 7), (8, 7),
            (2, 6), (3, 6), (4, 6), (5, 6), (6, 6), (7, 6),
                    (3, 5), (4, 5), (5, 5), (6, 5),
                            (4, 4), (5, 4)
]

CIRCLE
[                 (4,2), (5,2),                    
           (3,3), (4,3), (5,3),  (6,3), 
    (2,4), (3,4),                (6,4), (7,4), 
    (2,5), (3,5),                (6,5), (7,5),     
           (3,6), (4,6), (5,6),  (6,6),  
                  (4,7), (5,7)    
]